var general = [
53,
195,
29,
60,
104,
439,
671,
622,
425,
513,
293,
773,
365,
322,
261,
453,
588,
191,
782,
141,
25,
745,
751,
249,
477,
296,
280,
650,
207,
263,
769,
744,
602,
84,
83,
665,
679,
754,
737,
283,
46,
180,
198,
658,
612,
756,
1,
91,
600,
239,
363,
241,
431,
414,
325,
467,
574,
680,
643,
127,
757,
252,
601,
633,
185,
464,
707,
115,
97,
378,
179,
342,
531,
505,
406,
323,
738,
492,
59,
537,
440,
655,
270,
481,
118,
15,
652,
796,
493,
219,
441,
353,
415,
90,
319,
402,
461,
204,
755,
175,
297,
379,
482,
159,
371,
393,
526,
85,
165,
316,
529,
24,
608,
510,
746,
161,
499,
155,
75
]