var modelo2 = [
0,
6,
7,
8,
9,
12,
14,
16,
18,
21,
22,
23,
27,
28,
30,
32,
34,
37,
38,
40,
42,
45,
47,
49,
50,
51,
54,
56,
57,
62,
63,
65,
66,
73,
76,
77,
78,
80,
87,
89,
94,
99,
106,
107,
109,
112,
113,
116,
119,
120,
121,
124,
125,
126,
130,
131,
133,
134,
135,
136,
137,
139,
148,
149,
150,
156,
158,
162,
166,
170,
171,
172,
176,
181,
187,
188,
189,
193,
194,
196,
197,
199,
202,
205,
208,
211,
213,
216,
217,
218,
221,
222,
223,
225,
228,
230,
231,
232,
233,
234,
237,
240,
242,
243,
245,
246,
247,
250,
256,
257,
259,
265,
266,
267,
268,
271,
272,
273,
275,
276,
279,
282,
284,
285,
286,
287,
289,
290,
294,
295,
298,
301,
302,
303,
305,
314,
318,
320,
324,
327,
329,
338,
340,
348,
349,
350,
354,
358,
359,
361,
369,
370,
372,
373,
374,
375,
380,
381,
382,
384,
385,
386,
387,
388,
389,
391,
395,
396,
404,
417,
430,
435,
462,
468,
474,
507,
512,
540,
557,
559,
586,
591,
593,
595,
598,
660,
690,
704,
705,
780,
792,
798
]