var modelo1 = [
4,
19,
48,
72,
93,
101,
103,
111,
122,
123,
146,
178,
304,
306,
312,
328,
330,
331,
346,
347,
352,
360,
366,
400,
401,
411,
413,
416,
418,
419,
420,
421,
422,
423,
426,
427,
433,
437,
442,
443,
444,
452,
454,
456,
457,
458,
460,
463,
465,
469,
470,
471,
472,
475,
476,
479,
483,
484,
486,
490,
494,
495,
496,
497,
501,
503,
504,
506,
508,
509,
517,
519,
520,
522,
525,
528,
532,
533,
534,
535,
536,
539,
541,
543,
545,
546,
547,
548,
549,
551,
555,
561,
562,
566,
567,
570,
576,
577,
578,
581,
582,
583,
584,
585,
587,
589,
590,
592,
596,
597,
604,
607,
609,
610,
611,
613,
614,
615,
616,
620,
623,
626,
627,
628,
629,
630,
631,
632,
634,
635,
637,
638,
639,
640,
641,
644,
646,
648,
651,
653,
654,
656,
661,
664,
667,
668,
669,
670,
674,
675,
677,
678,
681,
682,
687,
691,
693,
695,
697,
698,
700,
701,
709,
710,
711,
712,
713,
714,
715,
717,
718,
719,
722,
724,
725,
726,
729,
732,
733,
734,
736,
740,
741,
742,
743,
750,
752,
758,
760,
761,
763,
765,
768,
770,
771,
775,
777,
781,
785,
786,
787,
788,
790,
791,
794,
795
]